num_mismatch	merge passed	merge failed due to Q30	merge failed due to P value	merge failed due to N
0	703	2	0	0
1	1436	1	0	4
2	1527	1	0	7
3	1427	1	0	12
4	1250	1	0	18
5	1047	2	0	18
6	885	1	0	14
7	720	3	0	26
8	645	0	0	32
9	553	0	0	36
10	469	1	0	38
11	404	0	0	29
12	369	2	0	35
13	329	0	0	45
14	260	2	0	50
15	240	3	0	54
16	219	1	0	54
17	198	2	0	42
18	153	2	0	58
19	156	1	0	53
20	125	1	0	57
21	106	0	0	49
22	100	0	0	50
23	97	2	0	59
24	100	0	0	61
25	80	1	0	49
26	54	2	0	41
27	46	0	0	46
28	57	1	0	54
29	38	0	0	64
30	44	0	0	41
31	25	1	0	45
32	28	3	0	42
33	28	0	0	45
34	15	2	0	45
35	14	0	0	50
36	12	0	0	33
37	11	0	0	28
38	10	0	0	38
39	7	0	0	37
40	5	0	0	39
41	4	1	0	36
42	11	0	0	27
43	2	0	0	34
44	2	0	0	24
45	3	0	0	31
46	4	4	0	35
47	1	0	0	33
48	1	0	0	24
49	0	1	0	18
50	3	0	0	15
51	2	0	1	16
52	3	0	1	16
53	3	0	0	16
54	1	1	0	16
55	1	1	2	9
56	0	0	1	12
57	1	0	1	4
58	0	0	2	2
59	0	0	0	4
60	0	0	6	0
61	0	0	5	3
62	1	0	7	2
63	0	0	16	0
64	0	0	26	0
65	0	0	34	1
66	1	0	48	0
67	0	0	73	0
68	0	0	73	0
69	0	0	122	0
70	0	0	141	0
71	0	0	177	0
72	0	0	234	0
73	0	0	992	0
74	0	0	225	0
75	0	0	103	0
76	0	0	53	0
77	0	0	80	0
78	0	0	99	0
79	0	0	44	0
80	0	0	25	0
81	0	0	18	0
82	0	0	7	0
83	0	0	6	0
84	0	0	0	0
85	0	0	1	0
86	0	0	0	0
87	0	0	0	0
88	0	0	1	0
89	0	0	0	0
90	0	0	0	0
91	0	0	0	0
92	0	0	0	0
93	0	0	0	0
94	0	0	0	0
95	0	0	6	0
96	0	0	1	0
97	0	0	0	0
98	0	0	1	0
99	0	0	0	0
100	0	0	0	0
101	0	0	0	0
102	0	0	0	0
103	0	0	0	0
104	0	0	0	0
105	0	0	0	0
106	0	0	0	0
107	0	0	0	0
108	0	0	0	0
109	0	0	0	0
110	0	0	0	0
111	0	0	0	0
112	0	0	0	0
113	0	0	0	0
114	0	0	0	0
115	0	0	1	0
116	0	0	0	0
117	0	0	1	0
118	0	0	0	0
119	0	0	0	0
120	0	0	0	0
121	0	0	1	0
122	0	0	0	0
123	0	0	0	0
124	0	0	1	0
125	0	0	1	0
126	0	0	0	0
127	0	0	1	0
128	0	0	2	0
129	0	0	0	0
130	0	0	0	0
131	0	0	0	0
132	0	0	1	0
133	0	0	0	0
134	0	0	2	0
135	0	0	3	0
136	0	0	1	0
137	0	0	0	0
138	0	0	2	0
139	0	0	1	0
140	0	0	0	0
141	0	0	1	0
142	0	0	3	0
143	0	0	3	0
144	0	0	2	0
145	0	0	0	0
146	0	0	0	0
147	0	0	0	0
148	0	0	0	0
149	0	0	0	0
150	0	0	2	0
151	0	0	5	0
152	0	0	6	0
153	0	0	6	0
154	0	0	5	0
155	0	0	3	0
156	0	0	8	0
157	0	0	1	0
158	0	0	4	0
159	0	0	14	0
160	0	0	4	0
161	0	0	12	0
162	0	0	5	0
163	0	0	2	0
164	0	0	4	0
165	0	0	0	0
166	0	0	2	0
167	0	0	2	0
168	0	0	2	0
169	0	0	0	0
170	0	0	0	0
171	0	0	2	0
172	0	0	2	0
173	0	0	1	0
174	0	0	2	0
175	0	0	1	0
176	0	0	3	0
177	0	0	3	0
178	0	0	8	0
179	0	0	5	0
180	0	0	6	0
181	0	0	2	0
182	0	0	7	0
183	0	0	5	0
184	0	0	9	0
185	0	0	4	0
186	0	0	5	0
187	0	0	7	0
188	0	0	5	0
189	0	0	15	0
190	0	0	9	0
191	0	0	6	0
192	0	0	9	0
193	0	0	7	0
194	0	0	6	0
195	0	0	5	0
196	0	0	4	0
197	0	0	4	0
198	0	0	2	0
199	0	0	3	0
200	0	0	2	0
201	0	0	4	0
202	0	0	8	0
203	0	0	2	0
204	0	0	2	0
205	0	0	0	0
206	0	0	0	0
207	0	0	0	0
208	0	0	3	0
209	0	0	0	0
210	0	0	1	0
211	0	0	1	0
212	0	0	0	0
213	0	0	6	0
214	0	0	3	0
215	0	0	4	0
216	0	0	0	0
217	0	0	0	0
218	0	0	0	0
219	0	0	0	0
220	0	0	0	0
221	0	0	0	0
222	0	0	0	0
223	0	0	0	0
224	0	0	1	0
