num_mismatch	merge passed	merge failed due to Q30	merge failed due to P value	merge failed due to N
0	145	0	0	0
1	205	0	0	1
2	262	0	0	1
3	241	0	0	1
4	237	0	0	5
5	242	1	0	3
6	263	0	0	1
7	284	1	0	4
8	324	0	0	1
9	411	0	0	12
10	458	1	0	23
11	518	0	0	17
12	552	0	0	22
13	547	2	0	23
14	578	1	0	22
15	520	2	0	22
16	516	1	0	27
17	468	0	0	52
18	412	0	0	45
19	406	2	0	57
20	356	3	0	43
21	323	2	0	57
22	249	2	0	58
23	225	3	0	67
24	207	1	0	62
25	191	0	0	67
26	154	1	0	76
27	140	0	0	78
28	129	1	0	65
29	73	1	0	59
30	79	0	0	80
31	83	2	1	61
32	58	1	0	85
33	52	2	0	74
34	50	0	0	78
35	35	1	0	70
36	29	0	0	59
37	22	2	0	64
38	20	0	0	70
39	15	1	0	61
40	13	0	0	42
41	17	0	0	65
42	13	0	0	55
43	6	1	0	48
44	11	2	0	55
45	6	0	1	49
46	4	0	0	41
47	3	1	0	43
48	5	0	0	36
49	2	0	2	49
50	2	2	0	45
51	2	1	1	37
52	1	0	0	33
53	4	0	0	42
54	0	0	0	26
55	2	0	2	17
56	3	0	4	15
57	0	0	2	7
58	2	1	7	10
59	0	0	7	6
60	2	0	11	9
61	0	1	19	6
62	0	0	24	2
63	1	0	40	0
64	0	0	53	0
65	0	1	97	2
66	0	0	140	0
67	0	0	216	0
68	0	0	204	0
69	0	0	302	0
70	0	0	319	0
71	0	0	382	0
72	0	0	490	0
73	0	0	660	0
74	0	0	401	0
75	0	0	241	0
76	0	0	195	0
77	0	0	222	0
78	0	0	319	0
79	0	0	150	0
80	0	0	65	0
81	0	0	42	0
82	0	0	19	0
83	0	0	9	0
84	0	0	4	0
85	0	0	8	0
86	0	0	3	0
87	0	0	5	0
88	0	0	2	0
89	0	0	0	0
90	0	0	1	0
91	0	0	2	0
92	0	0	0	0
93	0	0	1	0
94	0	0	5	0
95	0	0	14	0
96	0	0	4	0
97	0	0	1	0
98	0	0	0	0
99	0	0	1	0
100	0	0	0	0
101	0	0	1	0
102	0	0	0	0
103	0	0	0	0
104	0	0	0	0
105	0	0	1	0
106	0	0	0	0
107	0	0	0	0
108	0	0	0	0
109	0	0	0	0
110	0	0	0	0
111	0	0	0	0
112	0	0	0	0
113	0	0	0	0
114	0	0	1	0
115	0	0	0	0
116	0	0	0	0
117	0	0	2	0
118	0	0	2	0
119	0	0	2	0
120	0	0	0	0
121	0	0	0	0
122	0	0	1	0
123	0	0	3	0
124	0	0	1	0
125	0	0	1	0
126	0	0	4	0
127	0	0	7	0
128	0	0	10	0
129	0	0	34	0
130	0	0	9	0
131	0	0	1	0
132	0	0	0	0
133	0	0	2	0
134	0	0	1	0
135	0	0	5	0
136	0	0	8	0
137	0	0	3	0
138	0	0	4	0
139	0	0	2	0
140	0	0	3	0
141	0	0	2	0
142	0	0	4	0
143	0	0	7	0
144	0	0	5	0
145	0	0	4	0
146	0	0	2	0
147	0	0	2	0
148	0	0	8	0
149	0	0	11	0
150	0	0	13	0
151	0	0	15	0
152	0	0	25	0
153	0	0	26	0
154	0	0	29	0
155	0	0	48	0
156	0	0	46	0
157	0	0	45	0
158	0	0	55	0
159	0	0	65	0
160	0	0	64	0
161	0	0	46	0
162	0	0	21	0
163	0	0	10	0
164	0	0	11	0
165	0	0	7	0
166	0	0	7	0
167	0	0	6	0
168	0	0	3	0
169	0	0	8	0
170	0	0	1	0
171	0	0	2	0
172	0	0	3	0
173	0	0	0	0
174	0	0	3	0
175	0	0	1	0
176	0	0	7	0
177	0	0	10	0
178	0	0	20	0
179	0	0	43	0
180	0	0	15	0
181	0	0	4	0
182	0	0	1	0
183	0	0	4	0
184	0	0	0	0
185	0	0	3	0
186	0	0	2	0
187	0	0	1	0
188	0	0	1	0
189	0	0	8	0
190	0	0	3	0
191	0	0	3	0
192	0	0	1	0
193	0	0	2	0
194	0	0	1	0
195	0	0	4	0
196	0	0	0	0
197	0	0	1	0
198	0	0	2	0
199	0	0	0	0
200	0	0	2	0
201	0	0	0	0
202	0	0	1	0
203	0	0	0	0
204	0	0	3	0
205	0	0	0	0
206	0	0	0	0
207	0	0	0	0
208	0	0	1	0
209	0	0	3	0
210	0	0	4	0
211	0	0	2	0
212	0	0	5	0
213	0	0	9	0
214	0	0	16	0
215	0	0	6	0
216	0	0	2	0
