num_mismatch	merge passed	merge failed due to Q30	merge failed due to P value	merge failed due to N
0	4235	1	0	1
1	7541	7	0	20
2	6895	4	0	34
3	5741	5	0	68
4	4446	4	0	76
5	3551	3	0	82
6	2807	0	0	99
7	2450	5	0	110
8	2189	4	0	120
9	2020	4	0	130
10	1898	3	0	162
11	1819	15	0	160
12	1829	4	0	148
13	1615	3	0	175
14	1568	11	0	184
15	1448	3	0	205
16	1405	6	0	215
17	1237	6	0	208
18	1177	4	0	227
19	1051	4	0	221
20	902	3	0	231
21	851	5	0	252
22	730	7	0	225
23	638	4	0	266
24	553	4	0	273
25	496	7	0	276
26	364	4	0	255
27	341	5	0	274
28	291	3	0	247
29	281	2	0	265
30	230	2	0	252
31	180	3	0	227
32	159	4	0	230
33	141	6	0	248
34	108	2	0	240
35	99	5	0	245
36	93	1	0	209
37	68	2	0	201
38	58	3	0	213
39	43	1	1	212
40	34	2	1	178
41	34	0	0	175
42	29	3	0	189
43	28	2	0	196
44	16	0	0	168
45	16	3	0	150
46	16	3	0	143
47	14	3	0	157
48	10	2	0	130
49	8	3	0	141
50	10	2	0	131
51	4	1	2	105
52	3	1	0	85
53	3	2	0	90
54	2	0	1	95
55	4	0	1	53
56	3	1	2	45
57	1	1	5	29
58	1	1	5	23
59	1	1	11	20
60	0	0	20	14
61	0	0	39	9
62	0	1	69	4
63	1	0	96	3
64	0	1	109	2
65	0	0	187	5
66	0	0	254	1
67	2	1	354	0
68	0	0	421	1
69	0	0	514	0
70	0	0	690	0
71	0	0	748	0
72	0	0	1243	0
73	0	0	3509	0
74	0	0	837	0
75	0	0	424	0
76	0	0	309	1
77	0	0	259	0
78	0	0	296	0
79	0	0	126	0
80	0	0	71	0
81	0	0	50	0
82	0	0	22	0
83	0	0	18	0
84	0	0	11	0
85	0	0	6	0
86	0	0	4	0
87	0	0	3	0
88	0	0	1	0
89	0	0	2	0
90	0	0	0	0
91	0	0	1	0
92	0	0	0	0
93	0	0	0	0
94	0	0	8	0
95	0	0	32	0
96	0	0	3	0
97	0	0	3	0
98	0	0	0	0
99	0	0	0	0
100	0	0	0	0
101	0	0	1	0
102	0	0	0	0
103	0	0	0	0
104	0	0	0	0
105	0	0	0	0
106	0	0	0	0
107	0	0	0	0
108	0	0	0	0
109	0	0	0	0
110	0	0	0	0
111	0	0	1	0
112	0	0	0	0
113	0	0	0	0
114	0	0	0	0
115	0	0	0	0
116	0	0	0	0
117	0	0	0	0
118	0	0	0	0
119	0	0	0	0
120	0	0	0	0
121	0	0	1	0
122	0	0	1	0
123	0	0	0	0
124	0	0	0	0
125	0	0	0	0
126	0	0	1	0
127	0	0	2	0
128	0	0	4	0
129	0	0	9	0
130	0	0	8	0
131	0	0	0	0
132	0	0	1	0
133	0	0	5	0
134	0	0	2	0
135	0	0	11	0
136	0	0	8	0
137	0	0	7	0
138	0	0	7	0
139	0	0	5	0
140	0	0	3	0
141	0	0	4	0
142	0	0	5	0
143	0	0	1	0
144	0	0	5	0
145	0	0	10	0
146	0	0	5	0
147	0	0	12	0
148	0	0	9	0
149	0	0	24	0
150	0	0	33	0
151	0	0	32	0
152	0	0	38	0
153	0	0	49	0
154	0	0	53	0
155	0	0	68	0
156	0	0	89	0
157	0	0	122	0
158	0	0	129	0
159	0	0	125	0
160	0	0	116	0
161	0	0	118	0
162	0	0	42	0
163	0	0	27	0
164	0	0	9	0
165	0	0	9	0
166	0	0	9	0
167	0	0	7	0
168	0	0	4	0
169	0	0	6	0
170	0	0	6	0
171	0	0	4	0
172	0	0	5	0
173	0	0	1	0
174	0	0	8	0
175	0	0	6	0
176	0	0	12	0
177	0	0	16	0
178	0	0	44	0
179	0	0	99	0
180	0	0	37	0
181	0	0	12	0
182	0	0	9	0
183	0	0	15	0
184	0	0	10	0
185	0	0	17	0
186	0	0	17	0
187	0	0	12	0
188	0	0	17	0
189	0	0	22	0
190	0	0	14	0
191	0	0	19	0
192	0	0	15	0
193	0	0	13	0
194	0	0	8	0
195	0	0	15	0
196	0	0	13	0
197	0	0	12	0
198	0	0	4	0
199	0	0	10	0
200	0	0	13	0
201	0	0	8	0
202	0	0	9	0
203	0	0	6	0
204	0	0	1	0
205	0	0	2	0
206	0	0	3	0
207	0	0	1	0
208	0	0	5	0
209	0	0	4	0
210	0	0	9	0
211	0	0	5	0
212	0	0	10	0
213	0	0	13	0
214	0	0	28	0
215	0	0	13	0
216	0	0	3	0
217	0	0	3	0
218	0	0	7	0
219	0	0	2	0
220	0	0	2	0
221	0	0	1	0
222	0	0	1	0
223	0	0	2	0
224	0	0	0	0
225	0	0	0	0
226	0	0	0	0
227	0	0	0	0
