num_mismatch	merge passed	merge failed due to Q30	merge failed due to P value	merge failed due to N
0	1578	0	0	0
1	2872	1	0	7
2	2950	0	0	18
3	2483	3	0	33
4	1985	4	0	36
5	1551	2	0	47
6	1327	4	0	42
7	1018	2	0	37
8	861	2	0	65
9	743	3	0	69
10	594	5	0	75
11	531	2	0	51
12	464	2	0	67
13	399	2	0	79
14	326	3	0	79
15	295	2	0	85
16	285	2	0	75
17	233	5	0	61
18	199	5	0	94
19	183	2	0	92
20	142	4	0	93
21	150	1	0	86
22	97	3	0	84
23	94	4	0	78
24	96	1	0	84
25	73	1	0	111
26	54	1	0	88
27	56	1	0	88
28	43	2	0	73
29	29	1	0	86
30	32	0	0	81
31	25	1	0	65
32	27	0	0	71
33	32	1	0	64
34	25	1	0	82
35	13	1	0	72
36	11	0	0	74
37	19	1	0	66
38	9	2	1	58
39	8	2	0	68
40	8	0	0	53
41	4	1	0	33
42	6	0	1	41
43	11	1	0	65
44	1	1	0	50
45	4	4	0	50
46	6	3	1	48
47	3	1	2	48
48	1	0	2	40
49	3	0	1	34
50	0	1	3	39
51	1	0	2	28
52	2	0	3	40
53	2	0	1	28
54	2	0	0	23
55	0	1	1	18
56	2	1	3	17
57	0	0	1	6
58	1	0	4	8
59	0	0	9	4
60	0	0	12	2
61	1	0	30	5
62	0	0	44	5
63	0	0	64	2
64	0	0	118	2
65	2	0	174	0
66	0	0	333	1
67	1	0	441	0
68	0	0	594	1
69	0	0	653	0
70	0	0	711	0
71	0	0	760	0
72	1	0	901	0
73	0	0	1866	0
74	0	0	853	0
75	0	0	725	0
76	0	0	620	0
77	0	0	845	0
78	0	0	937	0
79	0	0	475	0
80	0	0	260	0
81	0	0	114	0
82	0	0	73	0
83	0	0	51	0
84	0	0	23	0
85	1	0	18	0
86	0	0	9	0
87	0	0	7	0
88	0	0	9	0
89	0	0	2	0
90	0	0	4	0
91	0	0	3	0
92	0	0	2	0
93	0	0	0	0
94	0	0	7	0
95	0	0	13	0
96	0	0	1	0
97	0	0	5	0
98	0	0	2	0
99	0	0	1	0
100	0	0	0	0
101	0	0	0	0
102	0	0	0	0
103	0	0	2	0
104	0	0	1	0
105	0	0	1	0
106	0	0	2	0
107	0	0	2	0
108	0	0	3	0
109	0	0	0	0
110	0	0	2	0
111	0	0	0	0
112	0	0	0	0
113	0	0	0	0
114	0	0	0	0
115	0	0	0	0
116	0	0	1	0
117	0	0	4	0
118	0	0	1	0
119	0	0	0	0
120	0	0	1	0
121	0	0	2	0
122	0	0	1	0
123	0	0	1	0
124	0	0	1	0
125	0	0	4	0
126	0	0	3	0
127	0	0	15	0
128	0	0	23	0
129	0	0	52	0
130	0	0	15	0
131	0	0	4	0
132	0	0	1	0
133	0	0	4	0
134	0	0	7	0
135	0	0	12	0
136	0	0	15	0
137	0	0	7	0
138	0	0	12	0
139	0	0	8	0
140	0	0	7	0
141	0	0	4	0
142	0	0	8	0
143	0	0	34	0
144	0	0	13	0
145	0	0	7	0
146	0	0	4	0
147	0	0	5	0
148	0	0	3	0
149	0	0	1	0
150	0	0	5	0
151	0	0	6	0
152	0	0	9	0
153	0	0	10	0
154	0	0	8	0
155	0	0	5	0
156	0	0	13	0
157	0	0	10	0
158	0	0	9	0
159	0	0	10	0
160	0	0	18	0
161	0	0	14	0
162	0	0	2	0
163	0	0	4	0
164	0	0	4	0
165	0	0	2	0
166	0	0	4	0
167	0	0	2	0
168	0	0	4	0
169	0	0	3	0
170	0	0	4	0
171	0	0	11	0
172	0	0	12	0
173	0	0	6	0
174	0	0	3	0
175	0	0	3	0
176	0	0	19	0
177	0	0	31	0
178	0	0	36	0
179	0	0	68	0
180	0	0	26	0
181	0	0	6	0
182	0	0	10	0
183	0	0	15	0
184	0	0	8	0
185	0	0	14	0
186	0	0	13	0
187	0	0	14	0
188	0	0	16	0
189	0	0	32	0
190	0	0	22	0
191	0	0	19	0
192	0	0	8	0
193	0	0	13	0
194	0	0	16	0
195	0	0	9	0
196	0	0	7	0
197	0	0	2	0
198	0	0	7	0
199	0	0	3	0
200	0	0	12	0
201	0	0	8	0
202	0	0	2	0
203	0	0	4	0
204	0	0	3	0
205	0	0	4	0
206	0	0	0	0
207	0	0	1	0
208	0	0	1	0
209	0	0	4	0
210	0	0	3	0
211	0	0	5	0
212	0	0	4	0
213	0	0	9	0
214	0	0	9	0
215	0	0	8	0
216	0	0	1	0
217	0	0	2	0
218	0	0	2	0
219	0	0	0	0
220	0	0	0	0
221	0	0	0	0
